Comparing Theosophia with arcana_cap_1.txt:
(0, [], [])

Comparing Theosophia with arcana_cap_2.txt:
(4, [(18498, 18754), (18823, 18990), (88862, 89006), (89198, 89287)], [(7359, 7612), (7685, 7850), (44424, 44591), (44665, 44753)])

Comparing Theosophia with arcana_cap_3.txt:
(12, [(188490, 189384), (188490, 189390), (190701, 190794), (199332, 199405), (203794, 204012), (204029, 204274), (204302, 204379), (208183, 208281), (215696, 215809), (221211, 221310), (305771, 305862), (305889, 306010)], [(15052, 15946), (15052, 15952), (20492, 20585), (22771, 22843), (23072, 23315), (23330, 23580), (23607, 23683), (25496, 25594), (49355, 49465), (49584, 49683), (65296, 65388), (65411, 65534)])

Comparing Theosophia with arcana_cap_4.txt:
(11, [(45302, 45414), (51412, 51565), (51835, 52028), (53467, 53646), (54480, 54766), (54814, 54873), (54900, 55439), (54900, 55616), (55748, 55834), (56100, 56148), (311529, 311720)], [(7488, 7601), (24838, 24992), (29301, 29492), (35318, 35505), (44637, 44921), (44967, 45026), (45039, 45574), (45039, 45750), (46563, 46647), (48997, 49045), (63275, 63469)])

Comparing Theosophia with arcana_cap_5.txt:
(5, [(75832, 76014), (77292, 77426), (79507, 79625), (85668, 85818), (99911, 99994)], [(8681, 8867), (21312, 21473), (28365, 28483), (61511, 61671), (63815, 63897)])

Comparing Theosophia with arcana_cap_6.txt:
(2, [(146255, 146476), (328829, 328974)], [(59180, 59401), (60026, 60183)])

